[Puzzle 0]
[Puzzle 1]
[Puzzle 5]
9 [Puzzle 3]
4 13 13 
5 8 3 3 
10 
10 7 13 1 [Puzzle 2]
9 11 11 
[Puzzle 4]
6 4 1 10 10 8 
5 5 
2 2 6 
4 2 13 13 
11 8 8 8 6 

3 14 9 10 
4 7 
3 3 8 
2 2 1 12 10 
10 7 7 5 
14 11 9 9 
3 3 6 6 

7 4 4 
14 4 1 1 8 

11 13 10 7 5 11 

9 9 13 6 4 1 

7 8 11 3 14 12 

9 4 7 4 11 2 

8 6 3 14 12 14 

9 4 7 4 11 5 

8 9 3 1 12 1 


4 
2 11 6 6 10 
6 6 2 2 1 1 

10 

12 14 9 9 13 
14 9 2 4 4 
9 9 9 13 5 6 


3 14 2 4 4 11 11 
12 12 
8 5 
5 13 4 
1 
9 9 9 11 3 3 
12 7 7 7 
2 
4 
11 14 11 2 
11 8 
7 7 9 5 
5 12 

12 2 2 
14 10 3 3 7 5 8 
8 3 
10 4 
13 8 12 12 

6 2 1 12 5 5 1 

14 2 9 4 4 

4 
3 6 
5 7 
8 11 5 
11 2 7 
13 3 10 10 
3 
7 2 9 12 14 5 


8 5 5 1 
9 
4 14 11 8 5 
2 

2 4 7 
12 14 10 
1 6 1 

